Location  Loc_no  No_spp Phi_in  Alpha  Wgt_n2 Phi_out  Spnum_in Spnum_out Iter
TA00            1     70  0.523   4.35   34.00   0.740      89.5     186.0    5
TA01            2     88  0.538   4.06   29.46   0.740      97.7     194.1    5
TA02            3     69  0.491   4.65   26.45   0.740      87.5     193.7    5
TA03            4     12  0.531   4.05   27.35   0.740      97.5     194.3    5
TA04            5     62  0.462   5.61   31.43   0.740      74.2     183.8    5
TA05            6     27  0.476   4.95   35.21   0.740      78.1     180.2    5
TA06            7     51  0.448   5.89   40.31   0.740      67.2     173.3    5
TA07            8     33  0.487   5.09   35.59   0.740      78.1     181.2    5
TA08            9      2  0.485   4.89   29.44   0.740      94.9     215.0    6
TA09           10     76  0.476   5.34   41.29   0.740      83.3     199.0    5
TA10           11     34  0.545   3.86   30.89   0.740      96.9     187.3    5
TA11           12     68  0.498   4.66   38.41   0.740      83.3     183.2    5
TA12           13     11  0.446   5.67   35.76   0.740      72.9     185.9    4
TA13           14      1  0.430   5.73   36.39   0.740      68.0     176.2    5
TA14           15     60  0.469   5.20   33.81   0.740      76.8     183.2    5
TA15           16     34  0.330   9.27   44.21   0.740      44.7     167.3    5
TA16           17     63  0.505   4.54   37.61   0.740      83.4     179.6    5
TA17           18     44  0.448   5.85   43.49   0.740      72.9     187.2    5
TA18           19      8  0.275  13.90   45.14   0.740      33.0     164.8    6
TA20           20    151  0.510   4.35   35.83   0.740      82.6     173.4    5
TA21           21     26  0.402   6.64   41.65   0.740      60.9     175.8    5
TA22           22      3  0.387   6.91   42.67   0.740      57.6     172.4    4
TA23           23      1  0.378   7.39   44.01   0.740      54.9     171.5    5
TA24           24      0  0.322   9.63   43.03   0.740      43.6     167.7    5
TA26           25     77  0.396   6.93   41.52   0.740      59.0     174.4    5
TA27           26     28  0.402   7.11   45.38   0.740      62.3     185.3    5
TA30           27    103  0.454   6.27   33.43   0.740      71.9     190.3    6
TA31           28      1  0.314   9.58   43.88   0.740      43.2     168.7    4
TA32           29     28  0.373   7.05   39.59   0.740      55.1     169.1    4
TA33           30      0  0.258  14.57   43.50   0.740      30.7     161.8    5
TA40           31     24  0.292  11.55   44.42   0.740      38.2     169.4    5
TA41           32     16  0.325   9.91   43.16   0.740      44.3     173.3    5
TF00           33    208  0.582   2.62   29.19   0.740     133.8     211.8    4
TF01           34    121  0.585   2.68   25.94   0.740     122.4     195.1    4
TF02           35     82  0.595   2.66   23.23   0.740     120.3     189.6    5
TF03           36     77  0.561   3.36   33.45   0.740      98.8     176.8    5
TF04           37    135  0.544   3.43   25.06   0.740     107.3     197.1    4
TF05           38     58  0.548   3.70   32.32   0.740      93.7     177.0    5
TF06           39     58  0.535   3.88   30.62   0.740      97.1     189.8    5
TF07           40     95  0.540   3.97   30.05   0.740      95.4     187.3    5
TF08           41     50  0.530   4.25   33.74   0.740      90.1     183.9    5
TF09           42     78  0.517   4.52   28.44   0.740      90.9     193.5    5
TF10           43     95  0.594   2.58   27.41   0.740     122.2     190.5    5
TF11           44     69  0.558   2.95   36.25   0.740      98.9     167.6    4
TF12           45      2  0.518   3.77   44.87   0.740      83.1     162.4    5
TF13           46     37  0.510   3.99   39.71   0.740      83.3     168.4    5
TF14           47     63  0.504   4.47   35.52   0.740      82.5     176.4    5
TF15           48     29  0.506   4.68   36.94   0.740      84.4     184.6    5
TF16           49     46  0.528   4.27   30.01   0.740      92.7     190.3    5
TF17           50    142  0.530   4.09   28.52   0.740      94.7     190.3    5
TF18           51    131  0.521   4.57   29.60   0.740      93.6     199.1    6
TF19           52    150  0.546   3.78   28.95   0.740      99.5     190.1    5
TF20           53    106  0.532   3.43   44.66   0.740      85.4     157.9    5
TF21           54     49  0.497   4.01   45.81   0.740      75.2     153.8    5
TF22           55     75  0.516   3.95   41.07   0.740      82.9     165.3    5
TF23           56      0  0.437   5.56   42.37   0.740      63.1     159.4    5
TF24           57     50  0.425   5.66   41.47   0.740      59.1     153.1    5
TF25           58     31  0.515   4.71   29.36   0.740      89.6     194.5    6
TF26           59    110  0.526   4.52   29.05   0.740     102.5     216.1    6
TF27           60     32  0.531   4.11   34.26   0.740      93.5     188.2    5
TF28           61    140  0.537   3.96   34.48   0.740      92.5     182.1    5
TF29           62    103  0.537   3.99   35.07   0.740      91.0     179.3    5
TF30           63     88  0.512   3.63   42.82   0.740      78.2     150.6    5
TF31           64     69  0.451   4.61   42.43   0.740      62.0     141.5    5
TF32           65      1  0.440   4.93   41.59   0.740      61.1     145.4    5
TF33           66     39  0.376   7.54   39.16   0.740      53.7     169.0    5
TF34           67     59  0.448   5.58   37.35   0.740      71.4     179.0    5
TF35           68      0  0.463   5.17   34.55   0.740      69.4     165.3    5
TF36           69     99  0.533   4.01   34.04   0.740      91.9     182.5    5
TF37           70    118  0.543   3.91   34.82   0.740      95.9     186.3    5
TF38           71    135  0.549   3.79   30.81   0.740      96.5     183.7    5
TF39           72     94  0.528   3.98   34.16   0.740      85.9     170.3    5
TF40           73    129  0.595   2.63   37.23   0.740      96.7     151.5    5
TF41           74    103  0.551   3.42   38.27   0.740      95.0     172.5    6
TF42           75      0  0.387   6.61   39.86   0.740      52.1     151.4    5
TF43           76      0  0.363   7.63   36.76   0.740      47.0     151.2    5
TF44           77     10  0.352   8.28   39.64   0.740      47.6     162.0    5
TF45           78     60  0.412   6.47   40.72   0.740      58.6     164.3    5
TF46           79     91  0.576   3.42   27.36   0.740     100.4     178.8    6
TF47           80    123  0.559   3.50   30.04   0.740      99.8     182.1    5
TF48           81    103  0.471   4.98   43.07   0.740      78.2     181.9    5
TF49           82     90  0.420   7.38   36.73   0.740      69.5     207.0    6
TF50           83     49  0.502   3.77   40.76   0.740      73.8     146.2    5
TF51           84     70  0.430   5.03   41.30   0.740      58.7     142.5    5
TF52           85      0  0.382   7.19   39.55   0.740      50.1     152.3    6
TF55           86     92  0.383   9.10   38.78   0.740      58.6     200.7    6
TF56           87     25  0.376   9.11   40.30   0.740      57.5     199.2    6
TF57           88     26  0.368   7.52   41.12   0.740      53.2     170.3    4
TF58           89      4  0.329   9.24   43.46   0.740      44.9     168.0    5
TF60           90     44  0.519   4.19   26.28   0.740     100.7     206.3    5
TF61           91    160  0.543   3.72   32.50   0.740     126.6     240.9    5
TF62           92    229  0.525   3.94   32.91   0.740     122.0     242.4    5
TF63           93     44  0.453   5.53   33.55   0.740      95.4     238.9    5
TF64           94     10  0.406   8.07   34.22   0.740      64.0     202.3    6
TF70           95     86  0.553   3.66   39.33   0.740     127.9     238.6    6
TF71           96    149  0.551   3.66   35.85   0.740     131.8     246.8    5
TF72           97    119  0.536   3.95   38.92   0.740     121.7     238.8    5
TF73           98     69  0.499   5.07   34.10   0.740      93.6     213.4    6
TF74           99     44  0.445   6.26   31.90   0.740      86.9     232.8    5
TF80          100     42  0.545   3.94   41.38   0.740     118.1     229.3    6
TF81          101     78  0.536   4.09   39.32   0.740     108.7     216.8    6
TF82          102     74  0.534   4.13   39.53   0.740     109.0     218.5    6
TF83          103     27  0.529   4.37   39.16   0.740     105.9     218.8    6
TF84          104     64  0.451   5.86   34.89   0.740      90.3     232.2    5
TF90          105     53  0.578   3.09   36.07   0.740     113.9     193.7    5
TF91          106    110  0.569   3.42   39.61   0.740     119.8     214.4    6
TF92          107     64  0.569   3.33   39.10   0.740     119.9     212.0    5
TF93          108    132  0.541   4.03   34.65   0.740     103.0     203.0    6
TF94          109     49  0.461   5.63   33.16   0.740      92.3     230.8    5
TG00          110     79  0.580   3.14   39.98   0.740     113.5     193.8    6
TG01          111    158  0.572   3.43   40.50   0.740     117.6     210.3    6
TG02          112    107  0.574   3.27   38.24   0.740     114.6     200.4    5
TG03          113    212  0.573   3.36   41.36   0.740     124.0     219.9    5
TG04          114     61  0.522   4.13   38.86   0.740     112.0     227.8    5
TG10          115    130  0.588   2.94   40.79   0.740     115.3     190.3    6
TG11          116    159  0.579   3.35   44.56   0.740     124.0     218.0    6
TG12          117    171  0.566   3.48   44.07   0.740     119.9     216.9    6
TG13          118    126  0.569   3.47   39.44   0.740     115.1     207.2    6
TG14          119    129  0.571   3.33   41.49   0.740     124.5     220.0    5
TG20          120    115  0.614   2.77   38.92   0.740     126.7     199.5    6
TG21          121     93  0.585   3.22   45.01   0.740     123.8     212.9    6
TG22          122    114  0.569   3.42   43.40   0.740     117.0     209.5    6
TG23          123     88  0.560   3.56   44.50   0.740     112.3     206.1    5
TG24          124     54  0.485   5.19   36.74   0.740      83.1     195.0    5
TG30          125    123  0.598   3.05   43.22   0.740     125.2     208.2    6
TG31          126    111  0.594   3.07   45.28   0.740     127.2     212.7    6
TG32          127    136  0.585   3.19   45.73   0.740     123.7     212.0    6
TG33          128     66  0.548   3.89   40.16   0.740     102.9     198.8    5
TG40          129    124  0.603   2.86   45.67   0.740     131.5     212.2    6
TG41          130     81  0.593   3.04   45.73   0.740     127.1     211.8    6
TG42          131    109  0.578   3.18   46.73   0.740     124.4     214.2    5
TG50          132     72  0.570   3.22   41.89   0.740     114.2     199.0    5
TG51          133     34  0.476   5.87   32.33   0.740      71.9     179.4    6
TL00          134    209  0.561   2.65   40.21   0.740     135.1     218.5    2
TL01          135    136  0.575   2.51   39.90   0.740     137.9     215.8    3
TL02          136     65  0.579   2.48   43.25   0.740     138.3     214.5    3
TL03          137     98  0.577   2.56   38.49   0.740     144.9     228.3    3
TL04          138     22  0.571   2.69   43.89   0.740     128.0     206.6    4
TL05          139     29  0.582   2.57   44.98   0.740     131.7     207.0    4
TL06          140     68  0.577   2.59   41.18   0.740     114.9     181.7    4
TL07          141     44  0.578   2.62   35.13   0.740     106.7     169.3    4
TL08          142    158  0.588   2.65   35.95   0.740     119.4     188.9    5
TL09          143    204  0.587   2.52   33.67   0.740     131.2     203.6    4
TL10          144    162  0.567   2.59   42.20   0.740     138.4     221.0    3
TL11          145    157  0.556   2.65   39.35   0.740     131.9     214.6    3
TL12          146    196  0.581   2.46   40.04   0.740     137.5     212.3    3
TL13          147     70  0.584   2.45   41.38   0.740     139.7     214.9    3
TL14          148     68  0.549   2.84   37.54   0.740     124.8     210.1    3
TL15          149     68  0.566   2.82   43.46   0.740     121.7     201.2    4
TL16          150    137  0.585   2.57   42.11   0.740     124.1     194.0    4
TL17          151    156  0.595   2.41   36.69   0.740     119.4     180.7    4
TL18          152    151  0.606   2.40   31.07   0.740     114.1     170.9    5
TL19          153    126  0.597   2.61   35.96   0.740     120.5     187.8    5
TL20          154    136  0.581   2.49   41.25   0.740     144.5     224.1    3
TL21          155    199  0.573   2.57   42.04   0.740     139.9     221.4    3
TL22          156    191  0.577   2.51   38.93   0.740     133.6     208.8    3
TL23          157    156  0.591   2.35   42.12   0.740     136.2     204.8    3
TL24          158    135  0.579   2.49   43.62   0.740     131.9     205.1    3
TL25          159    207  0.572   2.67   34.87   0.740     135.8     218.7    4
TL26          160    130  0.587   2.50   41.53   0.740     116.5     180.0    4
TL27          161    120  0.597   2.43   40.11   0.740     123.0     186.2    4
TL28          162    174  0.589   2.78   30.54   0.740     125.5     202.0    5
TL29          163    123  0.587   2.84   41.17   0.740     108.6     176.7    6
TL30          164    133  0.557   2.72   41.38   0.740     133.6     219.1    3
TL31          165    167  0.570   2.62   42.43   0.740     139.4     222.8    3
TL32          166    139  0.547   2.69   42.34   0.740     121.7     200.6    3
TL33          167    143  0.594   2.23   43.96   0.740     133.1     195.7    3
TL34          168    158  0.612   2.14   44.52   0.740     135.7     193.6    3
TL35          169    197  0.601   2.27   45.78   0.740     132.8     195.2    3
TL36          170    161  0.600   2.33   43.69   0.740     123.2     183.2    4
TL37          171    118  0.616   2.33   37.96   0.740     120.7     177.2    5
TL38          172     82  0.616   2.31   37.06   0.740     121.2     177.5    5
TL39          173     88  0.559   3.05   43.25   0.740      89.5     153.6    5
TL40          174     39  0.424   3.87   41.52   0.740      97.2     210.6    5
TL41          175     85  0.534   2.82   43.70   0.740     119.7     203.4    3
TL42          176    154  0.538   2.78   43.82   0.740     120.5     202.7    3
TL43          177    106  0.561   2.47   43.91   0.740     120.8     190.0    3
TL44          178    169  0.610   2.16   39.73   0.740     145.6     208.7    3
TL45          179    225  0.607   2.20   37.63   0.740     149.1     215.4    3
TL46          180    155  0.612   2.20   40.19   0.740     133.2     191.8    4
TL47          181    118  0.624   2.25   39.92   0.740     118.1     169.8    5
TL48          182    110  0.615   2.36   37.19   0.740     112.2     165.6    5
TL49          183    111  0.640   2.16   31.93   0.740     123.1     172.3    6
TL50          184     33  0.444   3.80   38.41   0.740      93.2     196.5    4
TL51          185    118  0.513   3.03   40.98   0.740     109.9     196.2    3
TL52          186     85  0.519   2.92   43.10   0.740     113.7     198.6    3
TL53          187    119  0.574   2.39   43.86   0.740     128.1     196.7    3
TL54          188    178  0.631   1.95   39.87   0.740     144.8     196.4    3
TL55          189    179  0.628   2.00   43.18   0.740     144.9     198.9    4
TL56          190    187  0.639   2.08   43.00   0.740     147.4     203.5    5
TL57          191    179  0.634   2.39   41.82   0.740     133.9     195.6    7
TL58          192    107  0.634   2.25   38.45   0.740     121.7     173.8    6
TL59          193     70  0.575   2.80   39.20   0.740      91.5     149.5    5
TL60          194     38  0.422   4.04   39.35   0.740      91.7     203.6    4
TL61          195     54  0.482   3.26   36.20   0.740      97.6     184.8    4
TL62          196     28  0.498   3.09   40.71   0.740     104.2     190.0    4
TL63          197     62  0.538   2.65   39.12   0.740     109.7     181.0    3
TL64          198    143  0.580   2.23   40.31   0.740     120.0     178.1    3
TL65          199    186  0.603   2.04   40.34   0.740     124.6     175.6    3
TL66          200    223  0.623   2.17   36.45   0.740     148.6     211.2    5
TL67          201    124  0.602   2.60   41.66   0.740     134.5     208.6    5
TL68          202     84  0.593   2.72   39.78   0.740     103.0     164.0    6
TL69          203     56  0.558   3.17   39.89   0.740      99.6     173.8    5
TL70          204     63  0.395   4.43   30.86   0.740      85.3     203.7    5
TL71          205     51  0.451   3.60   37.74   0.740      93.3     190.6    4
TL72          206     35  0.480   3.21   36.03   0.740      96.8     182.6    4
TL73          207     47  0.516   2.81   36.96   0.740     102.9     177.1    4
TL74          208    123  0.564   2.33   36.63   0.740     111.5     170.5    3
TL75          209    143  0.605   2.01   37.67   0.740     119.1     166.5    3
TL76          210    144  0.645   1.92   39.34   0.740     140.8     187.8    5
TL77          211    191  0.593   2.77   33.16   0.740     144.7     231.9    5
TL78          212    177  0.588   2.95   35.29   0.740     142.5     235.4    6
TL79          213     69  0.553   3.58   39.67   0.740     127.0     234.9    6
TL80          214     50  0.317   6.53   41.94   0.740      57.3     182.6    4
TL81          215     49  0.441   3.74   32.18   0.740      93.3     196.0    4
TL82          216    106  0.462   3.33   33.15   0.740      93.6     182.8    5
TL83          217     84  0.554   2.41   31.38   0.740     112.8     176.5    4
TL84          218    165  0.607   2.00   32.95   0.740     123.1     171.6    3
TL85          219    135  0.614   1.89   37.69   0.740     116.2     157.3    3
TL86          220    138  0.666   1.81   35.30   0.740     145.9     187.6    6
TL87          221    157  0.590   2.85   37.71   0.740     129.2     209.9    6
TL88          222    161  0.575   3.25   38.77   0.740     129.0     224.1    6
TL89          223     10  0.547   3.83   42.57   0.740     121.2     232.0    6
TL90          224     14  0.293   7.63   44.07   0.740      50.5     179.9    4
TL91          225     85  0.335   5.90   41.07   0.740      62.1     183.4    4
TL92          226    134  0.484   3.12   27.98   0.740      96.9     179.8    5
TL93          227    149  0.581   2.16   27.89   0.740     118.4     173.5    4
TL94          228    156  0.595   2.04   37.07   0.740     116.1     164.2    3
TL95          229    156  0.623   1.84   36.03   0.740     121.5     161.8    3
TL96          230    117  0.672   1.61   35.49   0.740     134.4     164.6    4
TL97          231    175  0.609   2.74   40.35   0.740     135.1     212.7    6
TL98          232    152  0.560   3.60   43.34   0.740     125.1     230.1    6
TL99          233    119  0.558   3.72   44.74   0.740     123.8     231.5    6
TM00          234      8  0.295   8.08   42.47   0.740      48.4     176.3    4
TM01          235     76  0.346   5.59   40.73   0.740      63.1     178.6    3
TM02          236     95  0.445   3.55   32.20   0.740      85.5     174.5    5
TM03          237    147  0.557   2.40   29.79   0.740     109.6     170.6    4
TM04          238    163  0.613   1.93   36.30   0.740     121.5     166.2    3
TM05          239    164  0.646   1.69   37.07   0.740     125.2     159.3    3
TM06          240    116  0.659   1.59   38.55   0.740     122.5     151.2    3
TM07          241    202  0.618   2.52   39.18   0.740     133.3     201.6    6
TM08          242     87  0.565   3.30   40.65   0.740     113.8     201.1    6
TM09          243    102  0.558   3.48   41.50   0.740     112.0     203.7    6
TM11          244     14  0.358   5.31   43.61   0.740      66.3     180.1    3
TM12          245     30  0.395   4.41   39.78   0.740      74.0     176.4    4
TM13          246    133  0.514   2.79   31.92   0.740     102.1     175.8    4
TM14          247    129  0.677   1.58   33.26   0.740     138.4     168.2    4
TM15          248    139  0.666   1.53   38.77   0.740     125.1     151.2    3
TM16          249    115  0.683   1.40   34.36   0.740     123.4     142.8    3
TM17          250    173  0.610   2.36   36.98   0.740     120.1     178.2    5
TM18          251     62  0.640   1.93   35.93   0.740     117.5     157.6    4
TM19          252     94  0.599   2.69   38.20   0.740     118.7     187.2    5
TM21          253     49  0.336   6.17   43.91   0.740      58.8     177.0    4
TM22          254     18  0.366   5.45   42.92   0.740      66.1     180.1    3
TM23          255    135  0.532   2.66   35.31   0.740     106.1     176.0    4
TM24          256    162  0.654   1.78   33.61   0.740     135.2     174.1    4
TM25          257    131  0.645   1.80   41.44   0.740     128.0     166.7    3
TM26          258    131  0.680   1.42   35.84   0.740     121.3     141.5    3
TM27          259    128  0.668   1.57   31.78   0.740     120.3     146.4    3
TM28          260    149  0.654   1.83   37.53   0.740     125.7     163.5    5
TM29          261     99  0.616   2.35   36.63   0.740     118.6     175.0    5
TM33          262     62  0.447   3.86   38.51   0.740      83.2     175.8    3
TM34          263    123  0.558   2.57   33.64   0.740     107.9     172.8    3
TM35          264    154  0.661   1.83   39.50   0.740     138.8     179.6    5
TM36          265    144  0.683   1.48   37.13   0.740     129.9     153.4    4
TM37          266    135  0.682   1.45   37.41   0.740     123.9     145.6    2
TM38          267    121  0.641   2.06   38.55   0.740     128.1     175.9    5
TM39          268    112  0.622   2.47   41.49   0.740     129.0     193.0    6
TM44          269     63  0.427   4.55   32.19   0.740      70.0     163.0    3
TM45          270    151  0.603   2.30   32.98   0.740     119.1     175.9    4
TM46          271    194  0.646   2.11   40.59   0.740     137.3     189.6    6
TM47          272    205  0.636   2.22   40.80   0.740     134.5     190.9    6
TM48          273    138  0.643   2.05   42.09   0.740     127.2     174.1    5
TM49          274    166  0.625   2.54   43.54   0.740     136.2     205.6    6
TM57          275     59  0.589   2.45   35.87   0.740     113.8     174.5    4
TM58          276    126  0.606   2.61   44.09   0.740     124.0     192.1    5
TM59          277    125  0.625   2.52   44.68   0.740     134.5     202.5    6
TQ00          278    181  0.508   3.35   39.70   0.740     135.9     255.0    3
TQ01          279    234  0.558   2.72   41.33   0.740     157.6     258.9    3
TQ02          280    158  0.507   4.17   41.69   0.740     124.5     257.1    5
TQ03          281    214  0.528   3.53   41.79   0.740     140.7     264.7    5
TQ04          282    274  0.573   2.50   42.94   0.740     160.7     251.5    3
TQ05          283    246  0.574   2.56   45.09   0.740     160.2     252.8    3
TQ06          284    177  0.565   2.80   42.97   0.740     151.7     250.4    4
TQ07          285     94  0.557   2.80   37.98   0.740     133.6     221.9    3
TQ08          286    189  0.567   2.75   41.19   0.740     148.0     242.2    4
TQ09          287    215  0.580   2.51   40.85   0.740     150.2     234.2    3
TQ10          288    137  0.448   4.52   32.57   0.740      98.8     224.7    4
TQ11          289    146  0.544   2.93   43.27   0.740     153.1     262.5    3
TQ12          290     84  0.506   4.06   41.64   0.740     127.7     261.2    5
TQ13          291    208  0.517   3.80   42.82   0.740     133.6     262.1    5
TQ14          292    288  0.567   2.63   44.33   0.740     160.5     257.8    3
TQ15          293    269  0.576   2.43   42.49   0.740     159.0     245.4    3
TQ16          294    205  0.562   2.81   42.67   0.740     152.1     251.9    4
TQ17          295    129  0.557   2.84   41.98   0.740     144.9     242.1    4
TQ18          296     90  0.489   3.53   40.81   0.740     107.7     210.1    3
TQ19          297    145  0.561   2.70   45.25   0.740     141.4     230.4    3
TQ20          298     84  0.442   4.73   29.23   0.740      92.3     215.7    4
TQ21          299    124  0.550   2.73   39.08   0.740     154.8     256.2    3
TQ22          300    147  0.509   4.03   44.23   0.740     130.7     265.8    4
TQ23          301    123  0.525   3.68   46.56   0.740     139.6     268.4    4
TQ24          302    187  0.552   2.96   43.86   0.740     147.9     252.7    4
TQ25          303    233  0.561   2.59   41.70   0.740     155.4     249.4    3
TQ26          304    122  0.561   2.66   41.37   0.740     148.7     241.1    3
TQ27          305    146  0.546   2.98   39.75   0.740     139.3     240.1    4
TQ28          306    133  0.552   2.91   40.83   0.740     140.4     237.9    4
TQ29          307     99  0.526   3.00   44.69   0.740     127.6     224.3    3
TQ30          308     64  0.503   3.61   28.85   0.740     115.8     225.2    4
TQ31          309    168  0.534   3.05   39.81   0.740     146.5     257.6    3
TQ32          310    130  0.541   3.41   45.30   0.740     148.7     272.8    4
TQ33          311    190  0.501   4.09   45.40   0.740     130.0     268.1    4
TQ34          312    158  0.511   3.87   44.03   0.740     132.3     263.4    5
TQ35          313    198  0.541   2.72   39.82   0.740     148.4     246.8    4
TQ36          314    108  0.544   2.72   40.54   0.740     148.5     246.6    3
TQ37          315     56  0.482   3.81   39.42   0.740     110.9     225.6    4
TQ38          316     45  0.508   3.38   38.41   0.740     114.6     215.3    3
TQ39          317     49  0.493   3.33   42.94   0.740     114.4     216.7    3
TQ40          318    104  0.480   3.79   33.67   0.740     120.4     245.1    3
TQ41          319    128  0.524   3.29   39.87   0.740     141.5     259.5    3
TQ42          320    165  0.516   3.84   44.30   0.740     138.4     273.9    4
TQ43          321    109  0.494   4.31   43.57   0.740     127.2     270.6    4
TQ44          322    141  0.444   4.97   41.24   0.740     106.3     253.4    4
TQ45          323    135  0.507   3.14   40.64   0.740     137.6     250.7    3
TQ46          324      1  0.543   2.81   40.98   0.740     146.3     246.4    3
TQ47          325     25  0.512   3.27   39.10   0.740     126.6     233.9    3
TQ48          326     17  0.351   6.27   34.37   0.740      70.1     208.3    3
TQ49          327    126  0.465   3.67   33.07   0.740     112.5     228.2    3
TQ50          328    130  0.501   3.43   35.36   0.740     132.1     252.0    3
TQ51          329     78  0.475   4.80   43.74   0.740     117.3     267.3    4
TQ52          330     92  0.478   4.67   42.78   0.740     119.5     267.9    4
TQ53          331    191  0.490   4.37   42.61   0.740     125.1     268.7    4
TQ54          332      6  0.446   5.10   42.85   0.740     109.3     263.6    4
TQ55          333     29  0.468   3.70   34.42   0.740     121.5     247.2    3
TQ56          334    129  0.439   4.13   28.84   0.740     106.4     234.8    3
TQ57          335     49  0.411   4.50   33.69   0.740      98.5     232.8    3
TQ58          336     39  0.332   6.14   38.44   0.740      64.1     193.4    4
TQ59          337     29  0.409   4.54   33.15   0.740      93.4     221.2    3
TQ60          338     31  0.409   6.09   28.96   0.740      85.2     234.2    4
TQ61          339     94  0.459   5.28   43.01   0.740     111.8     271.2    5
TQ62          340     80  0.446   5.50   42.17   0.740     106.4     266.2    4
TQ63          341    101  0.434   5.50   40.46   0.740     103.0     261.0    4
TQ64          342      6  0.397   6.17   40.42   0.740      92.1     257.1    4
TQ65          343      5  0.413   5.10   27.77   0.740      93.2     233.0    4
TQ66          344     46  0.401   4.93   27.22   0.740      90.5     226.3    4
TQ67          345     28  0.274   9.11   31.09   0.740      53.7     215.9    4
TQ68          346     26  0.298   7.41   40.06   0.740      57.7     201.6    4
TQ69          347     44  0.355   5.43   34.75   0.740      76.3     210.6    2
TQ70          348     15  0.418   5.87   32.60   0.740      93.2     249.6    4
TQ71          349    159  0.466   5.27   39.98   0.740     109.5     262.8    5
TQ72          350     93  0.421   6.04   40.11   0.740      97.0     260.6    5
TQ73          351    108  0.415   6.04   39.79   0.740      97.6     264.3    4
TQ74          352     52  0.352   7.30   32.93   0.740      74.1     236.7    4
TQ75          353     88  0.385   5.64   25.34   0.740      83.4     226.7    3
TQ76          354     41  0.330   7.57   26.83   0.740      64.6     217.4    4
TQ77          355      0  0.241  12.20   35.09   0.740      39.8     196.6    4
TQ78          356     14  0.258   9.42   40.44   0.740      45.8     193.2    4
TQ79          357     26  0.282   8.33   42.92   0.740      50.7     192.5    4
TQ80          358      3  0.265  10.74   32.95   0.740      52.2     235.9    5
TQ81          359    139  0.429   6.15   36.67   0.740      99.8     269.7    4
TQ82          360    124  0.418   6.24   38.13   0.740      96.5     264.7    5
TQ83          361     49  0.385   6.87   39.46   0.740      87.5     261.6    4
TQ84          362     16  0.319   8.16   31.66   0.740      66.3     235.7    3
TQ85          363     54  0.382   6.03   25.18   0.740      79.4     223.2    4
TQ86          364     31  0.258  10.21   33.62   0.740      46.4     204.2    4
TQ87          365     12  0.228  14.84   37.00   0.740      33.3     184.9    6
TQ88          366     23  0.252  10.06   40.20   0.740      45.6     200.0    3
TQ89          367     16  0.287   7.92   43.90   0.740      51.7     190.1    4
TQ91          368     63  0.326  10.53   34.05   0.740      57.7     231.7    5
TQ92          369     51  0.322   8.89   34.13   0.740      67.4     249.9    4
TQ93          370     14  0.360   7.72   35.49   0.740      78.9     257.6    4
TQ94          371     78  0.406   5.89   25.55   0.740      87.6     236.5    4
TQ95          372     24  0.355   7.16   23.79   0.740      65.5     207.8    4
TQ96          373      0  0.262  11.29   40.20   0.740      45.7     209.7    4
TQ97          374     34  0.241  13.53   38.61   0.740      35.2     182.0    6
TQ98          375     17  0.264  10.58   39.87   0.740      42.0     184.0    5
TQ99          376     13  0.277   8.70   44.62   0.740      47.3     184.5    4
TR01          377     86  0.323  11.39   34.82   0.740      55.9     233.5    5
TR02          378     14  0.313  12.24   36.12   0.740      51.2     223.7    6
TR03          379     12  0.311   8.95   32.35   0.740      61.0     229.3    4
TR04          380      8  0.405   6.08   25.74   0.740      84.6     231.8    5
TR05          381     75  0.368   7.26   26.61   0.740      73.0     228.2    5
TR06          382     40  0.269  11.48   41.88   0.740      46.7     211.1    5
TR07          383      0  0.248  13.86   41.08   0.740      35.4     182.1    6
TR09          384     26  0.268  10.08   41.29   0.740      42.0     178.0    5
TR12          385      0  0.205  18.48   39.30   0.740      28.3     186.6    6
TR13          386     70  0.350   8.42   31.50   0.740      70.3     243.3    5
TR14          387    105  0.363   7.34   26.31   0.740      68.9     218.3    4
TR15          388    128  0.363   6.93   23.88   0.740      72.0     221.5    4
TR16          389     59  0.324   8.18   40.27   0.740      62.2     217.7    5
TR23          390     68  0.355   8.43   32.18   0.740      60.1     206.4    5
TR24          391     85  0.361   7.45   25.19   0.740      62.8     201.2    4
TR25          392      4  0.358   7.20   25.37   0.740      66.9     211.0    4
TR26          393     75  0.313   8.58   39.15   0.740      53.8     195.9    4
TR27          394      0  0.234  14.92   41.13   0.740      32.5     178.8    6
TR33          395      0  0.237  13.34   33.09   0.740      34.3     181.1    4
TR34          396     29  0.344   8.39   30.95   0.740      60.7     210.7    5
TR35          397    105  0.365   7.76   30.65   0.740      65.1     210.6    5
TR36          398     87  0.304  10.17   40.10   0.740      48.3     193.8    6
TR37          399     39  0.253  14.25   40.51   0.740      34.8     180.0    6
TR46          400      0  0.236  13.33   37.58   0.740      34.1     178.7    5
TR47          401      0  0.231  13.67   39.15   0.740      34.1     181.3    5
TV49          402     17  0.346   7.34   28.66   0.740      60.9     197.9    4
TV59          403    120  0.427   5.19   30.32   0.740      85.7     212.5    4
TV69          404      9  0.298   8.80   28.76   0.740      48.7     187.9    5
